0.830228
0.828425
0.830539
0.824008
0.826992
0.833138
0.840254
0.842373
0.836983
0.846216
0.844301
0.830749
0.804375
0.808778
0.799005
0.801115
0.813679
0.82645
0.828657
0.824816
0.823595
0.817348
0.814381
0.812263
0.79274
0.808335
0.806757
0.81635
0.826054
0.837557
0.819071
0.837188
0.852919
0.855499
0.855346
0.853769
0.869951
0.871847
0.880843
0.890983
0.883162
0.88584
0.882505
0.883356
0.878556
0.875808
0.860132
0.877928
0.885397
0.884184
0.887281
0.897545
0.895988
0.892094
0.899362
0.89775
0.903417
0.906207
0.893405
0.896333
0.885196
0.881556
0.891937
0.866518
0.884296
0.879149
0.879551
0.884405
0.88127
0.886112
0.885457
0.875905
0.878895
0.875771
0.878674
0.888735
0.891863
0.892048
0.863727
0.869116
0.876655
0.87277
0.868755
0.881307
0.889097
0.877816
0.880244
0.866168
0.879268
0.8739
0.870212
0.86705
0.851251
0.862857
0.845842
0.868602
0.856778
0.845869
0.832157
0.791207
0.822558
0.793691
0.751441
0.726542
0.722315
0.716778
0.695063
0.688875
0.687343
0.664611
0.700693
0.714861
0.728931
0.717434
0.690852
0.682285
0.703775
0.734283
0.733629
0.730168
0.710834
0.693018
0.720024
