0.886194
0.893345
0.888374
0.881041
0.888458
0.892572
0.8861
0.884382
0.867411
0.866008
0.860909
0.858842
0.836709
0.836367
0.814824
0.814798
0.820911
0.832284
0.844629
0.84317
0.839614
0.837572
0.830122
0.809516
0.787759
0.79849
0.783731
0.78745
0.794477
0.80929
0.792516
0.813301
0.829099
0.829437
0.846458
0.850799
0.86968
0.872484
0.866683
0.871649
0.854751
0.855548
0.861824
0.864468
0.847882
0.841397
0.816815
0.830723
0.848234
0.856333
0.853041
0.857136
0.871922
0.860148
0.873837
0.866721
0.859239
0.864574
0.849656
0.863338
0.860607
0.870483
0.879367
0.853455
0.864947
0.867955
0.87225
0.872651
0.872062
0.869379
0.867477
0.858205
0.879176
0.864335
0.883496
0.884942
0.884009
0.88625
0.87569
0.865678
0.861622
0.846138
0.845368
0.854343
0.860298
0.85237
0.851344
0.836913
0.849789
0.838512
0.832017
0.822986
0.797787
0.801584
0.783362
0.813011
0.81988
0.816884
0.796688
0.762994
0.773574
0.753815
0.725323
0.717222
0.720403
0.723397
0.710232
0.688651
0.687404
0.672219
0.698556
0.717788
0.715392
0.710094
0.702407
0.684573
0.708468
0.727498
0.744744
0.740445
0.726153
0.730719
0.770489
