0.171294
0.172053
0.172024
0.172335
0.170231
0.168599
0.168703
0.166995
0.165157
0.165359
0.1655
0.166416
0.169377
0.169729
0.169801
0.173233
0.173517
0.175286
0.179447
0.184787
0.183212
0.18172
0.182526
0.180405
0.177801
0.179929
0.178461
0.180345
0.181958
0.17808
0.172399
0.171562
0.17432
0.173467
0.174229
0.174744
0.170358
0.170508
0.167066
0.166846
0.168521
0.171338
0.169906
0.169661
0.169486
0.173237
0.169902
0.166015
0.165548
0.168546
0.168471
0.167024
0.168543
0.170109
0.169151
0.169279
0.169296
0.17018
0.168908
0.174156
0.175148
0.175753
0.175949
0.181302
0.186415
0.188059
0.188035
0.18195
0.184433
0.182156
0.181635
0.182536
0.182706
0.177293
0.179611
0.176843
0.17553
0.177098
0.179288
0.176851
0.171893
0.170484
0.170554
0.171511
0.170755
0.170468
0.168609
0.167735
0.167164
0.169375
0.169645
0.168739
0.165811
0.164528
0.164386
0.166003
0.171091
0.169699
0.168385
0.162195
0.162012
0.161907
0.161942
0.159572
0.161134
0.162215
0.160909
0.162201
0.1649
0.162591
0.162889
0.162914
0.162033
0.160797
0.160931
0.158588
0.158951
0.161247
0.161033
0.164579
0.163159
0.164445
0.167013
